
Loading mesh file completed.
// data type (0: Magnetic)
1
// dimension (2: 2D, 3:3D 
// coordCode (0: Cartesian, 1: Cylindrical 
 minEdgeLength ------------------------- 0.004999999999999977
 Number of known u components : 192
Numb of unknown displacements: 2696
 Number of known u components : 8088

Loading data file completed.
mech integ mode: 0

 Bun data was written to:
    D:\JavaWorks\FEM problems\structural\2D-contact\3D-contact\box\results\bun.txt

Force was loaded from D:\JavaWorks\FEM problems\structural\2D-contact\3D-contact\box\force0.txt to the model.
 Structural analysis... 

 Number of unknown non-fixed points : 2696

 Calculating stiffness matrix ...
 Static analysis....
pf :1.6239316239316247E9
pft :3.2478632478632495E7
 Contact analysis....
load_iter: 0
cont_iter: 0
9.80488E-01	9.70780E-03	9.61169E-05	9.70780E-03	
9.70780E-03	9.80488E-01	9.70780E-03	9.61169E-05	
3.33301E-01	3.30001E-03	6.50391E-03	6.56895E-01	
3.30001E-03	3.33301E-01	6.56895E-01	6.50391E-03	
6.56895E-01	6.50391E-03	3.30001E-03	3.33301E-01	
6.50391E-03	6.56895E-01	3.33301E-01	3.30001E-03	
9.70780E-03	9.61169E-05	9.70780E-03	9.80488E-01	
9.61169E-05	9.70780E-03	9.80488E-01	9.70780E-03	
3.33301E-01	3.30001E-03	6.50391E-03	6.56895E-01	
3.30001E-03	3.33301E-01	6.56895E-01	6.50391E-03	
6.56895E-01	6.50391E-03	3.30001E-03	3.33301E-01	
6.50391E-03	6.56895E-01	3.33301E-01	3.30001E-03	
9.70780E-03	9.61169E-05	9.70780E-03	9.80488E-01	
9.61169E-05	9.70780E-03	9.80488E-01	9.70780E-03	
3.33301E-01	3.30001E-03	6.50391E-03	6.56895E-01	
3.30001E-03	3.33301E-01	6.56895E-01	6.50391E-03	
6.56895E-01	6.50391E-03	3.30001E-03	3.33301E-01	
6.50391E-03	6.56895E-01	3.33301E-01	3.30001E-03	
9.70780E-03	9.61169E-05	9.70780E-03	9.80488E-01	
9.61169E-05	9.70780E-03	9.80488E-01	9.70780E-03	
3.33301E-01	3.30001E-03	6.50391E-03	6.56895E-01	
3.30001E-03	3.33301E-01	6.56895E-01	6.50391E-03	
6.56895E-01	6.50391E-03	3.30001E-03	3.33301E-01	
6.50391E-03	6.56895E-01	3.33301E-01	3.30001E-03	
9.70780E-03	9.61169E-05	9.70780E-03	9.80488E-01	
9.61169E-05	9.70780E-03	9.80488E-01	9.70780E-03	
9.80488E-01	9.70780E-03	9.61169E-05	9.70780E-03	
3.33301E-01	3.30001E-03	6.50391E-03	6.56895E-01	
6.56895E-01	6.50391E-03	3.30001E-03	3.33301E-01	
9.70780E-03	9.61169E-05	9.70780E-03	9.80488E-01	
3.33301E-01	3.30001E-03	6.50391E-03	6.56895E-01	
6.56895E-01	6.50391E-03	3.30001E-03	3.33301E-01	
9.70780E-03	9.61169E-05	9.70780E-03	9.80488E-01	
3.33301E-01	3.30001E-03	6.50391E-03	6.56895E-01	
6.56895E-01	6.50391E-03	3.30001E-03	3.33301E-01	
9.70780E-03	9.61169E-05	9.70780E-03	9.80488E-01	
3.33301E-01	3.30001E-03	6.50391E-03	6.56895E-01	
6.56895E-01	6.50391E-03	3.30001E-03	3.33301E-01	
9.70780E-03	9.61169E-05	9.70780E-03	9.80488E-01	
9.80488E-01	9.70780E-03	9.61169E-05	9.70780E-03	
3.33301E-01	3.30001E-03	6.50391E-03	6.56895E-01	
6.56895E-01	6.50391E-03	3.30001E-03	3.33301E-01	
9.70780E-03	9.61169E-05	9.70780E-03	9.80488E-01	
3.33301E-01	3.30001E-03	6.50391E-03	6.56895E-01	
6.56895E-01	6.50391E-03	3.30001E-03	3.33301E-01	
9.70780E-03	9.61169E-05	9.70780E-03	9.80488E-01	
3.33301E-01	3.30001E-03	6.50391E-03	6.56895E-01	
6.56895E-01	6.50391E-03	3.30001E-03	3.33301E-01	
9.70780E-03	9.61169E-05	9.70780E-03	9.80488E-01	
3.33301E-01	3.30001E-03	6.50391E-03	6.56895E-01	
6.56895E-01	6.50391E-03	3.30001E-03	3.33301E-01	
9.70780E-03	9.61169E-05	9.70780E-03	9.80488E-01	
1, stick: 52,  slip: 0
1, num slave nodes: 52,  numContactingNodes: 52
totalnumContactingNodes: 52
Computing Preconditioner..
ICCG iteration:     0	 error : 1.00E00	 res max: 1.22E00
ICCG iteration:    50	 error : 3.89E-01	 res max: 4.74E-01
ICCG iteration:   100	 error : 6.86E-02	 res max: 8.37E-02
ICCG iteration:   150	 error : 1.59E-02	 res max: 1.94E-02
ICCG iteration:   200	 error : 2.36E-02	 res max: 2.88E-02
ICCG iteration:   250	 error : 5.22E-03	 res max: 6.37E-03
ICCG iteration:   300	 error : 1.38E-04	 res max: 1.68E-04
ICCG iteration:   350	 error : 1.23E-06	 res max: 1.50E-06
ICCG iteration:   352	 error : 6.17E-07	 res max: 7.53E-07
nr_iter: 0           nr_err: 1.0       disp_err: 1.0
9.64543E-01	9.58393E-03	2.54554E-04	2.56188E-02	
9.09472E-03	9.66147E-01	2.45270E-02	2.30882E-04	
3.20539E-01	3.24130E-03	6.76951E-03	6.69451E-01	
2.84039E-03	3.21758E-01	6.69491E-01	5.91008E-03	
6.47008E-01	6.60412E-03	3.49992E-03	3.42888E-01	
5.51326E-03	6.48644E-01	3.42928E-01	2.91478E-03	
1.67012E-02	1.71547E-04	9.99559E-03	9.73132E-01	
3.42926E-01	3.50014E-03	6.60343E-03	6.46971E-01	
2.91595E-03	3.42966E-01	6.48604E-01	5.51453E-03	
6.69485E-01	6.76966E-03	3.24086E-03	3.20504E-01	
5.91082E-03	6.69527E-01	3.21722E-01	2.84028E-03	
2.56512E-02	2.54884E-04	9.58389E-03	9.64510E-01	
2.31190E-04	2.45611E-02	9.66114E-01	9.09390E-03	
9.65049E-01	9.08117E-03	2.41163E-04	2.56282E-02	
3.20820E-01	2.96812E-03	6.19875E-03	6.70013E-01	
6.47688E-01	5.92832E-03	3.14171E-03	3.43242E-01	
3.43279E-01	3.14226E-03	5.92837E-03	6.47650E-01	
6.70047E-01	6.19941E-03	2.96797E-03	3.20785E-01	
2.56606E-02	2.41469E-04	9.08091E-03	9.65017E-01	
9.66586E-01	8.66582E-03	2.19908E-04	2.45286E-02	
3.21909E-01	2.69854E-03	5.61471E-03	6.69778E-01	
6.48933E-01	5.23109E-03	2.76551E-03	3.43070E-01	
3.43108E-01	2.76670E-03	5.23245E-03	6.48893E-01	
6.69813E-01	5.61556E-03	2.69851E-03	3.21873E-01	
2.45626E-02	2.20206E-04	8.66520E-03	9.66552E-01	
1, stick: 25,  slip: 0
1, num slave nodes: 52,  numContactingNodes: 25
totalnumContactingNodes: 25
Computing Preconditioner..
ICCG iteration:     0	 error : 1.00E00	 res max: 6.30E-01
ICCG iteration:    50	 error : 1.42E-02	 res max: 8.94E-03
ICCG iteration:   100	 error : 5.26E-03	 res max: 3.32E-03
ICCG iteration:   150	 error : 1.71E-03	 res max: 1.08E-03
ICCG iteration:   200	 error : 3.38E-04	 res max: 2.13E-04
ICCG iteration:   250	 error : 9.27E-04	 res max: 5.84E-04
ICCG iteration:   300	 error : 8.09E-05	 res max: 5.10E-05
ICCG iteration:   347	 error : 4.75E-07	 res max: 2.99E-07
nr_iter: 1           nr_err: 1.0367668741337472       disp_err: 0.02644774808249942
9.64783E-01	9.03712E-03	2.42954E-04	2.59373E-02	
9.56927E-03	9.65238E-01	2.49451E-02	2.47303E-04	
3.20512E-01	3.04914E-03	6.37456E-03	6.70065E-01	
2.98805E-03	3.21272E-01	6.69513E-01	6.22692E-03	
3.43402E-01	3.30508E-03	6.22768E-03	6.47065E-01	
6.70182E-01	6.39500E-03	3.05699E-03	3.20366E-01	
6.20430E-03	6.69647E-01	3.21173E-01	2.97568E-03	
2.60643E-02	2.45174E-04	9.07366E-03	9.64617E-01	
2.47384E-04	2.50789E-02	9.65153E-01	9.52046E-03	
9.65422E-01	8.40598E-03	2.25912E-04	2.59459E-02	
3.20816E-01	2.75404E-03	5.75739E-03	6.70673E-01	
6.70687E-01	5.77885E-03	2.76386E-03	3.20770E-01	
2.59871E-02	2.27243E-04	8.44141E-03	9.65344E-01	
9.66920E-01	7.91390E-03	2.04301E-04	2.49615E-02	
3.21828E-01	2.43970E-03	5.08403E-03	6.70649E-01	
6.70566E-01	5.11017E-03	2.45287E-03	3.21871E-01	
2.48770E-02	2.04552E-04	7.95095E-03	9.66968E-01	
1, stick: 17,  slip: 0
1, num slave nodes: 52,  numContactingNodes: 17
totalnumContactingNodes: 17
Computing Preconditioner..
ICCG iteration:     0	 error : 1.00E00	 res max: 8.32E-01
ICCG iteration:    50	 error : 4.86E-03	 res max: 4.04E-03
ICCG iteration:   100	 error : 1.51E-03	 res max: 1.25E-03
ICCG iteration:   150	 error : 9.53E-04	 res max: 7.93E-04
ICCG iteration:   200	 error : 2.94E-04	 res max: 2.45E-04
ICCG iteration:   250	 error : 1.38E-04	 res max: 1.15E-04
ICCG iteration:   300	 error : 1.18E-04	 res max: 9.83E-05
ICCG iteration:   344	 error : 5.54E-07	 res max: 4.61E-07
nr_iter: 2           nr_err: 1.7714922886176832       disp_err: 0.014385030690014148
9.65743E-01	8.25398E-03	2.20360E-04	2.57829E-02	
1.02446E-02	9.64560E-01	2.49306E-02	2.64788E-04	
6.70523E-01	5.75103E-03	2.75296E-03	3.20973E-01	
2.56368E-02	2.16352E-04	8.15213E-03	9.65995E-01	
2.65658E-04	2.46683E-02	9.64677E-01	1.03888E-02	
9.66487E-01	7.56744E-03	2.01573E-04	2.57442E-02	
2.56234E-02	1.98238E-04	7.47897E-03	9.66699E-01	
9.68000E-01	6.95769E-03	1.78715E-04	2.48640E-02	
2.46275E-02	1.73959E-04	6.84011E-03	9.68358E-01	
1, stick: 9,  slip: 0
1, num slave nodes: 52,  numContactingNodes: 9
totalnumContactingNodes: 9
Computing Preconditioner..
ICCG iteration:     0	 error : 1.00E00	 res max: 5.79E-01
ICCG iteration:    50	 error : 4.10E-03	 res max: 2.38E-03
ICCG iteration:   100	 error : 4.51E-03	 res max: 2.61E-03
ICCG iteration:   150	 error : 1.27E-03	 res max: 7.37E-04
ICCG iteration:   200	 error : 5.48E-04	 res max: 3.17E-04
ICCG iteration:   250	 error : 7.01E-04	 res max: 4.06E-04
ICCG iteration:   300	 error : 8.31E-05	 res max: 4.82E-05
ICCG iteration:   341	 error : 4.96E-07	 res max: 2.87E-07
nr_iter: 3           nr_err: 1.3060031545152657       disp_err: 0.008524455074910913
9.65306E-01	9.21439E-03	2.40913E-04	2.52382E-02	
9.22165E-03	9.65999E-01	2.45455E-02	2.34317E-04	
2.54289E-02	2.44101E-04	9.26398E-03	9.65063E-01	
2.34869E-04	2.45649E-02	9.65964E-01	9.23574E-03	
9.66029E-01	8.49054E-03	2.22000E-04	2.52585E-02	
2.73408E-04	2.50152E-02	9.64173E-01	1.05381E-02	
9.67391E-01	7.81817E-03	1.98745E-04	2.45920E-02	
2.42326E-02	1.97704E-04	7.89485E-03	9.67675E-01	
1, stick: 8,  slip: 0
1, num slave nodes: 52,  numContactingNodes: 8
totalnumContactingNodes: 8
Computing Preconditioner..
ICCG iteration:     0	 error : 1.00E00	 res max: 5.72E-01
ICCG iteration:    50	 error : 1.82E-03	 res max: 1.04E-03
ICCG iteration:   100	 error : 1.52E-03	 res max: 8.69E-04
ICCG iteration:   150	 error : 1.01E-03	 res max: 5.79E-04
ICCG iteration:   200	 error : 2.42E-04	 res max: 1.38E-04
ICCG iteration:   250	 error : 3.79E-04	 res max: 2.17E-04
ICCG iteration:   300	 error : 2.04E-04	 res max: 1.17E-04
ICCG iteration:   339	 error : 9.54E-07	 res max: 5.45E-07
nr_iter: 4           nr_err: 1.3780430928409928       disp_err: 0.004084003676877574
9.64837E-01	1.00821E-02	2.59369E-04	2.48212E-02	
8.33662E-03	9.67345E-01	2.41109E-02	2.07789E-04	
2.56925E-02	2.72775E-04	1.02326E-02	9.63802E-01	
2.04081E-04	2.45364E-02	9.67215E-01	8.04481E-03	
9.65450E-01	9.35070E-03	2.41722E-04	2.49575E-02	
2.52489E-04	2.52233E-02	9.64866E-01	9.65847E-03	
9.66716E-01	8.69012E-03	2.19113E-04	2.43748E-02	
2.43990E-02	2.21022E-04	8.75629E-03	9.66624E-01	
1, stick: 8,  slip: 0
1, num slave nodes: 52,  numContactingNodes: 8
totalnumContactingNodes: 8
Computing Preconditioner..
ICCG iteration:     0	 error : 1.00E00	 res max: 1.41E-01
ICCG iteration:    50	 error : 1.00E-03	 res max: 1.42E-04
ICCG iteration:   100	 error : 6.20E-04	 res max: 8.75E-05
ICCG iteration:   150	 error : 8.07E-04	 res max: 1.14E-04
ICCG iteration:   200	 error : 2.88E-04	 res max: 4.07E-05
ICCG iteration:   250	 error : 5.91E-05	 res max: 8.35E-06
ICCG iteration:   300	 error : 4.87E-06	 res max: 6.88E-07
ICCG iteration:   339	 error : 5.57E-07	 res max: 7.86E-08
nr_iter: 5           nr_err: 0.35416231979887414       disp_err: 7.210969646599894E-4
9.65271E-01	9.72778E-03	2.49441E-04	2.47516E-02	
8.69065E-03	9.67066E-01	2.40273E-02	2.15924E-04	
2.58513E-02	2.63440E-04	9.82435E-03	9.64061E-01	
2.14133E-04	2.45663E-02	9.66792E-01	8.42706E-03	
9.65882E-01	8.99639E-03	2.31829E-04	2.48899E-02	
2.63981E-04	2.52814E-02	9.64385E-01	1.00698E-02	
9.67151E-01	8.33831E-03	2.09513E-04	2.43012E-02	
2.44768E-02	2.11193E-04	8.34328E-03	9.66969E-01	
1, stick: 8,  slip: 0
1, num slave nodes: 52,  numContactingNodes: 8
totalnumContactingNodes: 8
Computing Preconditioner..
ICCG iteration:     0	 error : 1.00E00	 res max: 1.12E-01
ICCG iteration:    50	 error : 7.59E-04	 res max: 8.48E-05
ICCG iteration:   100	 error : 5.03E-04	 res max: 5.62E-05
ICCG iteration:   150	 error : 6.52E-04	 res max: 7.29E-05
ICCG iteration:   200	 error : 1.73E-04	 res max: 1.93E-05
ICCG iteration:   250	 error : 1.07E-04	 res max: 1.20E-05
ICCG iteration:   300	 error : 1.66E-04	 res max: 1.86E-05
ICCG iteration:   339	 error : 5.53E-07	 res max: 6.17E-08
nr_iter: 6           nr_err: 0.280922564729871       disp_err: 4.921485471722262E-4
9.65169E-01	9.87929E-03	2.52814E-04	2.46990E-02	
8.53824E-03	9.67275E-01	2.39751E-02	2.11631E-04	
2.59415E-02	2.68722E-04	9.98385E-03	9.63806E-01	
2.09702E-04	2.45916E-02	9.66953E-01	8.24556E-03	
9.65770E-01	9.14762E-03	2.35349E-04	2.48472E-02	
2.60169E-04	2.53084E-02	9.64516E-01	9.91516E-03	
9.67031E-01	8.49111E-03	2.13061E-04	2.42649E-02	
2.44980E-02	2.15436E-04	8.50191E-03	9.66785E-01	
1, stick: 8,  slip: 0
1, num slave nodes: 52,  numContactingNodes: 8
totalnumContactingNodes: 8
Computing Preconditioner..
ICCG iteration:     0	 error : 1.00E00	 res max: 9.27E-02
ICCG iteration:    50	 error : 8.00E-04	 res max: 7.41E-05
ICCG iteration:   100	 error : 1.99E-04	 res max: 1.84E-05
ICCG iteration:   150	 error : 4.20E-04	 res max: 3.90E-05
ICCG iteration:   200	 error : 9.22E-05	 res max: 8.54E-06
ICCG iteration:   250	 error : 9.00E-05	 res max: 8.33E-06
ICCG iteration:   300	 error : 5.19E-05	 res max: 4.81E-06
ICCG iteration:   339	 error : 5.43E-07	 res max: 5.03E-08
nr_iter: 7           nr_err: 0.23170921535288072       disp_err: 2.4369939311221091E-4
1, stick: 8,  slip: 0
NR error
 0	1.0000e+00
 1	1.0368e+00
 2	1.7715e+00
 3	1.3060e+00
 4	1.3780e+00
 5	3.5416e-01
 6	2.8092e-01
 7	2.3171e-01
aug_disp changes vs aug_iter
1.0000e+00

Gap[m] vs aug_iter
7.8607e-06

slide[m] vs aug_iter
0.0000e+00

3.0246e-03

 Magnetic nodal force was written to D:\JavaWorks\FEM problems\structural\2D-contact\3D-contact\box\master_normal.txt
 Magnetic nodal force was written to D:\JavaWorks\FEM problems\structural\2D-contact\3D-contact\box\slave_normal.txt
 Magnetic nodal displacement was written to D:\JavaWorks\FEM problems\structural\2D-contact\3D-contact\box\contact_force.txt
 Magnetic nodal force was written to D:\JavaWorks\FEM problems\structural\2D-contact\3D-contact\box\results\force_out0.txt
 Magnetic nodal displacement was written to D:\JavaWorks\FEM problems\structural\2D-contact\3D-contact\box\results\disp0.txt
 Structural stress was written to D:\JavaWorks\FEM problems\structural\2D-contact\3D-contact\box\results\stress0.txt
 Data file was written to D:\JavaWorks\FEM problems\structural\2D-contact\3D-contact\box\data_out.txt
0.00000e+00

Computation time: 13.997 seconds
Total cpu time (s):       14.3
